00000000001100000010001110100011
00000000011000000010000010100011
00000000111000000010000110100011
00000001001000000010001100100011
00000000010000000010001010100011
00000000001000000010001110100011
00000001111000000110001110100011
00000000010000000010001010100011
00000000001000000010001110100011
00000001111000000110010110100011
00000000010000000010001010100011
00000000001000000010001110100011
00000001111100000110111110100011
00000000000000000000000000000000
00000000000000000000000000000000
00000000000000000000000000000000
00000000000000000000000000000000
00000000000000000000000000000000
00000000000000000000000000000000
00000000000000000000000000000000
00000000000000000000000000000000
00000000000000000000000000000000
00000000000000000000000000000000
00000000000000000000000000000000
00000000000000000000000000000000
00000000000000000000000000000000
00000000000000000000000000000000
00000000000000000000000000000000
00000000000000000000000000000000
00000000000000000000000000000000
00000000000000000000000000000000
00000000000000000000000000000000